0.0000 0.0000
0.4488 0.3652
1.3464 0.3652
2.2440 0.3652
3.1416 0.3652
4.0392 0.3652
4.9368 0.3652
5.8344 0.3652
0.1122 0.7068
0.6358 0.7068
1.1594 0.7068
1.6830 0.7068
2.2066 0.7068
2.7302 0.7068
3.2538 0.7068
3.7774 0.7068
4.3010 0.7068
4.8246 0.7068
5.3482 0.7068
5.8718 0.7068
6.2568 1.0486
0.3432 1.0486
0.7128 1.0486
1.0824 1.0486
1.4520 1.0486
1.8216 1.0486
2.1912 1.0486
2.5608 1.0486
2.9304 1.0486
3.3000 1.0486
3.6696 1.0486
4.0392 1.0486
4.4088 1.0486
4.7784 1.0486
5.1480 1.0486
5.5176 1.0486
5.8872 1.0486
6.2276 1.3977
0.2751 1.3977
0.6058 1.3977
0.9365 1.3977
1.2672 1.3977
1.5979 1.3977
1.9286 1.3977
2.2593 1.3977
2.5900 1.3977
2.9207 1.3977
3.2514 1.3977
3.5821 1.3977
3.9127 1.3977
4.2434 1.3977
4.5741 1.3977
4.9048 1.3977
5.2355 1.3977
5.5662 1.3977
5.8969 1.3977
0.1098 1.7439
0.4405 1.7439
0.7712 1.7439
1.1019 1.7439
1.4325 1.7439
1.7632 1.7439
2.0939 1.7439
2.4246 1.7439
2.7553 1.7439
3.0860 1.7439
3.4167 1.7439
3.7474 1.7439
4.0781 1.7439
4.4088 1.7439
4.7395 1.7439
5.0702 1.7439
5.4009 1.7439
5.7316 1.7439
6.0623 1.7439
0.1584 2.0930
0.5280 2.0930
0.8976 2.0930
1.2672 2.0930
1.6368 2.0930
2.0064 2.0930
2.3760 2.0930
2.7456 2.0930
3.1152 2.0930
3.4848 2.0930
3.8544 2.0930
4.2240 2.0930
4.5936 2.0930
4.9632 2.0930
5.3328 2.0930
5.7024 2.0930
6.0720 2.0930
0.3278 2.4348
0.8514 2.4348
1.3750 2.4348
1.8986 2.4348
2.4222 2.4348
2.9458 2.4348
3.4694 2.4348
3.9930 2.4348
4.5166 2.4348
5.0402 2.4348
5.5638 2.4348
6.0874 2.4348
0.7392 2.7764
1.6368 2.7764
2.5344 2.7764
3.4320 2.7764
4.3296 2.7764
5.2272 2.7764
6.1248 2.7764
0.0000 3.1416
