0.0000 0.0000 6.2832 0.1893
0.0000 0.1893 0.8976 0.5411
0.8976 0.1893 1.7952 0.5411
1.7952 0.1893 2.6928 0.5411
2.6928 0.1893 3.5904 0.5411
3.5904 0.1893 4.4880 0.5411
4.4880 0.1893 5.3856 0.5411
5.3856 0.1893 6.2832 0.5411
6.1336 0.5411 6.6572 0.8726
0.3740 0.5411 0.8976 0.8726
0.8976 0.5411 1.4212 0.8726
1.4212 0.5411 1.9448 0.8726
1.9448 0.5411 2.4684 0.8726
2.4684 0.5411 2.9920 0.8726
2.9920 0.5411 3.5156 0.8726
3.5156 0.5411 4.0392 0.8726
4.0392 0.5411 4.5628 0.8726
4.5628 0.5411 5.0864 0.8726
5.0864 0.5411 5.6100 0.8726
5.6100 0.5411 6.1336 0.8726
6.0720 0.8726 6.4416 1.2246
0.1584 0.8726 0.5280 1.2246
0.5280 0.8726 0.8976 1.2246
0.8976 0.8726 1.2672 1.2246
1.2672 0.8726 1.6368 1.2246
1.6368 0.8726 2.0064 1.2246
2.0064 0.8726 2.3760 1.2246
2.3760 0.8726 2.7456 1.2246
2.7456 0.8726 3.1152 1.2246
3.1152 0.8726 3.4848 1.2246
3.4848 0.8726 3.8544 1.2246
3.8544 0.8726 4.2240 1.2246
4.2240 0.8726 4.5936 1.2246
4.5936 0.8726 4.9632 1.2246
4.9632 0.8726 5.3328 1.2246
5.3328 0.8726 5.7024 1.2246
5.7024 0.8726 6.0720 1.2246
6.0623 1.2246 6.3930 1.5708
0.1098 1.2246 0.4405 1.5708
0.4405 1.2246 0.7712 1.5708
0.7712 1.2246 1.1019 1.5708
1.1019 1.2246 1.4325 1.5708
1.4325 1.2246 1.7632 1.5708
1.7632 1.2246 2.0939 1.5708
2.0939 1.2246 2.4246 1.5708
2.4246 1.2246 2.7553 1.5708
2.7553 1.2246 3.0860 1.5708
3.0860 1.2246 3.4167 1.5708
3.4167 1.2246 3.7474 1.5708
3.7474 1.2246 4.0781 1.5708
4.0781 1.2246 4.4088 1.5708
4.4088 1.2246 4.7395 1.5708
4.7395 1.2246 5.0702 1.5708
5.0702 1.2246 5.4009 1.5708
5.4009 1.2246 5.7316 1.5708
5.7316 1.2246 6.0623 1.5708
6.2276 1.5708 6.5583 1.9170
0.2751 1.5708 0.6058 1.9170
0.6058 1.5708 0.9365 1.9170
0.9365 1.5708 1.2672 1.9170
1.2672 1.5708 1.5979 1.9170
1.5979 1.5708 1.9286 1.9170
1.9286 1.5708 2.2593 1.9170
2.2593 1.5708 2.5900 1.9170
2.5900 1.5708 2.9207 1.9170
2.9207 1.5708 3.2514 1.9170
3.2514 1.5708 3.5821 1.9170
3.5821 1.5708 3.9127 1.9170
3.9127 1.5708 4.2434 1.9170
4.2434 1.5708 4.5741 1.9170
4.5741 1.5708 4.9048 1.9170
4.9048 1.5708 5.2355 1.9170
5.2355 1.5708 5.5662 1.9170
5.5662 1.5708 5.8969 1.9170
5.8969 1.5708 6.2276 1.9170
6.2568 1.9170 6.6264 2.2690
0.3432 1.9170 0.7128 2.2690
0.7128 1.9170 1.0824 2.2690
1.0824 1.9170 1.4520 2.2690
1.4520 1.9170 1.8216 2.2690
1.8216 1.9170 2.1912 2.2690
2.1912 1.9170 2.5608 2.2690
2.5608 1.9170 2.9304 2.2690
2.9304 1.9170 3.3000 2.2690
3.3000 1.9170 3.6696 2.2690
3.6696 1.9170 4.0392 2.2690
4.0392 1.9170 4.4088 2.2690
4.4088 1.9170 4.7784 2.2690
4.7784 1.9170 5.1480 2.2690
5.1480 1.9170 5.5176 2.2690
5.5176 1.9170 5.8872 2.2690
5.8872 1.9170 6.2568 2.2690
0.0660 2.2690 0.5896 2.6005
0.5896 2.2690 1.1132 2.6005
1.1132 2.2690 1.6368 2.6005
1.6368 2.2690 2.1604 2.6005
2.1604 2.2690 2.6840 2.6005
2.6840 2.2690 3.2076 2.6005
3.2076 2.2690 3.7312 2.6005
3.7312 2.2690 4.2548 2.6005
4.2548 2.2690 4.7784 2.6005
4.7784 2.2690 5.3020 2.6005
5.3020 2.2690 5.8256 2.6005
5.8256 2.2690 6.3492 2.6005
0.2904 2.6005 1.1880 2.9523
1.1880 2.6005 2.0856 2.9523
2.0856 2.6005 2.9832 2.9523
2.9832 2.6005 3.8808 2.9523
3.8808 2.6005 4.7784 2.9523
4.7784 2.6005 5.6760 2.9523
5.6760 2.6005 6.5736 2.9523
0.0000 2.9523 6.2832 3.1416
